rbf 10

Accuratezza del classificatore: 19.06%

Confusion Matrix:

[[328 573   0  65  67   0   1  65   0 133   0   3   0 ]
 [237 541   0 100  78   0   7  80   4 117   0   3   0 ]
 [ 13  36   2   5   2   0   0   8   0  13   0   0   0 ]
 [214 449   3 139  63   0   4 129   3 120   0   2   0 ]
 [148 574   0  53 104   0   3  58   1  90   0   8   0 ]
 [ 23 139   0  26  22   5   1  10   1  24   0   2   0 ]
 [ 81 308   0  83  79   0 135  86   5  76   0   0   0 ]
 [ 46 382   0  40  24   0   6 531   2  79   0   2   0 ]
 [ 52 198   0  56  90   0  21  48  39  47   0   8   0 ]
 [168 529   0  85  83   0   2 109   3 233   0  17   0 ]
 [ 96 290   0  51  42   0   2  71   0 109   1   6   0 ]
 [124 540   0  86 108   0   3  96   2 148   0  42   1 ]
 [ 75 245   0  40  42   0   0  64   2  85   0  12   4 ]]

Precisione media del classificatore: 0.47

Recall media del classificatore: 0.15


===========================================================

rbf 100

Accuratezza del classificatore: 19.06%

Confusion Matrix:

[[328 573   0  65  67   0   1  65   0 133   0   3   0 ]
 [237 541   0 100  78   0   7  80   4 117   0   3   0 ]
 [ 13  36   2   5   2   0   0   8   0  13   0   0   0 ]
 [214 449   3 139  63   0   4 129   3 120   0   2   0 ]
 [148 574   0  53 104   0   3  58   1  90   0   8   0 ]
 [ 23 139   0  26  22   5   1  10   1  24   0   2   0 ]
 [ 81 308   0  83  79   0 135  86   5  76   0   0   0 ]
 [ 46 382   0  40  24   0   6 531   2  79   0   2   0 ]
 [ 52 198   0  56  90   0  21  48  39  47   0   8   0 ]
 [168 529   0  85  83   0   2 109   3 233   0  17   0 ]
 [ 96 290   0  51  42   0   2  71   0 109   1   6   0 ]
 [124 540   0  86 108   0   3  96   2 148   0  42   1 ]
 [ 75 245   0  40  42   0   0  64   2  85   0  12   4 ]]

Precisione media del classificatore: 0.47

Recall media del classificatore: 0.15
=============================================================

rbf 1000

Accuratezza del classificatore: 41.74%

Confusion Matrix:

[[460 162   0  63 110   1  34  75   2 224   5  87  12 ]
 [197 311   0 103  94   2  46  63  13 203  12 103  20 ]
 [  4   8  19  15   2   0   1   3   1  21   0   2   3 ]
 [ 99 163   2 387  46   0  30  73   6 191  18  98  13 ]
 [136  95   0  39 337   1  38  78  15 150   1 140   9 ]
 [ 22  18   0  11  32  57   7  26   4  38   3  31   4 ]
 [ 13  25   0  10  13   0 704  35  19  13   2  18   1 ]
 [  9  24   0  19   6   0  27 945   9  37   3  25   8 ]
 [ 22  56   0  14  25   1  71  35 224  51   5  49   6 ]
 [125  94   0  49  45   0  19  99   5 562  17 196  18 ]
 [ 88  95   0  41  24   0  19  46   7 191  47  99  11 ]
 [ 54  85   0  33  76   0  36 101  15 271  10 416  53 ]
 [ 25  48   0  21  40   2   7  41   7 135   5  99 139 ]]

Precisione media del classificatore: 0.51

Recall media del classificatore: 0.38
==============================================================

rbf 3000

Accuratezza del classificatore: 51.69%

Confusion Matrix:

[[566 113   0  40 116  48  15  24  18  66  15  33 181 ]
 [169 340   0 126  69  44  31  31  55  46  33  32 191 ]
 [  5   6  19  23   3   0   0   1   1   6   0   2  13 ]
 [ 41  88   1 610  18  26  21  40  24  61  19  23 154 ]
 [ 60  35   0  19 553  60  14  19  34  25   5  33 182 ]
 [ 14   1   0   7  15 148   3   2   8   6   3   2  44 ]
 [  8   5   0   7   7   4 728  22  39   2   2   2  27 ]
 [  4   8   0  14   6  11  20 960  19   5   2   6  57 ]
 [  6   9   1   6   7  11  62  18 372   8   5  10  44 ]
 [127  45   1  44  29  25   3  32  18 430  36  89 350 ]
 [ 62  31   0  48  12  21   5  13  28  87 170  46 145 ]
 [ 30  21   0  23  59  36   4  23  52  82  15 372 433 ]
 [  9   8   0  11   8  16   3  11  15  19   1  30 438 ]]

Precisione media del classificatore: 0.57

Recall media del classificatore: 0.52

===========================================================

poly 10

Accuratezza del classificatore: 10.07%

Confusion Matrix:

[[   0    0    0    0    0    0 1234    1    0    0    0    0    0]
 [   0    0    0    0    0    0 1167    0    0    0    0    0    0]
 [   0    0    0    0    0    0   79    0    0    0    0    0    0]
 [   0    0    0    0    0    0 1126    0    0    0    0    0    0]
 [   0    0    0    0    0    1 1036    2    0    0    0    0    0]
 [   0    0    0    0    0    0  253    0    0    0    0    0    0]
 [   0    0    0    0    0    0  853    0    0    0    0    0    0]
 [   0    0    0    0    0    0 1112    0    0    0    0    0    0]
 [   0    0    0    0    0    0  559    0    0    0    0    0    0]
 [   0    0    0    0    0    0 1228    1    0    0    0    0    0]
 [   0    0    0    0    0    0  668    0    0    0    0    0    0]
 [   0    0    0    0    0    0 1150    0    0    0    0    0    0]
 [   0    0    0    0    0    0  569    0    0    0    0    0    0]]

Precisione media del classificatore: 0.10

Recall media del classificatore: 1.00
=========================================================================

poly 100

Accuratezza del classificatore: 11.05%

Confusion Matrix:

[[  42    3    0    6   11    0   52 1116    0    3    0    2    0 ]
 [  17    2    0    2   11    0   44 1081    0    4    0    6    0 ]
 [   0    0    0    0    1    0    3   75    0    0    0    0    0 ]
 [   9    0    0    0    5    0   27 1082    0    0    0    3    0 ]
 [  24    4    0    2   28    0   53  923    0    2    0    3    0 ]
 [   3    0    0    0    5    0   10  234    0    1    0    0    0 ]
 [   4    0    0    0    8    0   75  765    0    0    0    1    0 ]
 [  10    0    0    1   10    0   20 1067    0    0    0    4    0 ]
 [   2    0    0    2   22    0   26  503    0    2    0    2    0 ]
 [  22    4    0    3   10    0   45 1140    0    0    0    5    0 ]
 [  12    0    0    0    9    0   18  627    0    0    0    2    0 ]
 [  18    3    0    1   23    0   59 1039    0    1    0    6    0 ]
 [   3    0    0    0    7    0   20  539    0    0    0    0    0 ]]

Precisione media del classificatore: 0.17

Recall media del classificatore: 0.19

==========================================================================

poly 1000

Accuratezza del classificatore: 33.12%

Confusion Matrix:

[[487 117   1  70 188   9  73  97   9  99   1  76   8 ]
 [287 126   0 108 199   9  84 130  12 115   4  84   9 ]
 [ 10   4  20  13   4   0   6   9   0   5   0   6   2 ]
 [181  84   3 272 116   6  77 163  13 105   2  94  10 ]
 [164  81   1  49 397  23  42  75   2  84   3  99  19 ]
 [ 42  12   1  12  47  46  21  21   2  21   0  18  10 ]
 [ 36  18   0  16  32   8 650  46   6  13   1  27   0 ]
 [ 35  29   1  26  31   0  36 891   3  26   0  29   5 ]
 [ 63  30   0  30  57   1 110  78 102  49   0  36   3 ]
 [256  87   0  66 127   7  58 129  11 284   1 178  25 ]
 [133  60   0  57  91   4  39  83   2 105   8  73  13 ]
 [148  72   0  81 167  17  45 108  12 160   5 298  37 ]
 [ 85  38   0  32  77   2  16  59   7  79   2  97  75 ]]

Precisione media del classificatore: 0.37

Recall media del classificatore: 0.30
=======================================================================

linear 10 10

Accuratezza del classificatore: 12.84%

Confusion Matrix:

[[646  57   0  17  20   0  17 433   0  29   0  16   0 ]
 [539  23   0   9  16   0  10 534   0  11   0  25   0 ]
 [ 50   0   0   0   1   0   0  25   0   0   0   3   0 ]
 [463  22   0   3  14   0   3 579   0  23   0  19   0 ]
 [457  53   0  13  74   0  10 373   0  28   0  31   0 ]
 [ 86  12   0   4  13   0   3 111   0   5   0  19   0 ]
 [252  21   0   2  25   0   8 491   0  39   0  15   0 ]
 [290  33   0  82  37   0   1 569   0  56   0  44   0 ]
 [178  15   0   2  27   0  11 306   0  10   0  10   0 ]
 [582  37   0  17  27   0   6 482   0  35   0  43   0 ]
 [317  16   0   6  12   0   1 291   0  11   0  14   0 ]
 [436  38   0  13  50   0   3 519   0  32   0  59   0 ]
 [214  16   0   6  26   0   1 261   0  17   0  28   0 ]]

Precisione media del classificatore: 0.12

Recall media del classificatore: 0.15

==============================================================

linear 100 10

Accuratezza del classificatore: 15.43%

Confusion Matrix:

[[454 138   0   0 138   0  42 240   0 148   0  75   0 ]
 [408  89   0   0 145   0  53 267   0 155   0  50   0 ]
 [ 33   4   0   0   8   0   0  12   0  15   0   7   0 ]
 [296  62   0   0 103   0  33 351   0 211   0  70   0 ]
 [348 144   0   1 136   0  35 177   0 145   0  53   0 ]
 [ 87  38   0   0  16   0  17  41   0  35   0  19   0 ]
 [133  91   0   0  80   0 158 269   0  95   0  27   0 ]
 [102 167   0   0  64   0  38 551   0 116   0  74   0 ]
 [144  40   0   0  53   0  70 177   0  52   0  23   0 ]
 [406 142   0   1  65   0  44 239   0 207   0 125   0 ]
 [237  67   0   0  51   0  23 153   0  99   0  38   0 ]
 [408 123   0   0  69   0  37 245   0 161   0 107   0 ]
 [212  64   0   0  24   0  29 113   0  89   0  37   1 ]]

Precisione media del classificatore: 0.26

Recall media del classificatore: 0.19

==================================================================

linear 1000 10

Accuratezza del classificatore: 14.09%

Confusion Matrix:

[[287 101   0  21 134   0 125 376   0 127   0  64   0 ]
 [253  89   0  27 158   0 108 361   0 109   0  62   0 ]
 [ 14   4   0   0  10   0  10  23   0  13   0   5   0 ]
 [238  63   0  19 121   0 116 353   0 184   0  32   0 ]
 [158  91   0  19 111   0 108 385   0  92   0  75   0 ]
 [ 55  15   0   5  15   0  29  79   0  29   0  26   0 ]
 [132  31   0   3 153   0 179 281   0  37   0  37   0 ]
 [157 116   0  12 103   0  52 526   0  92   0  54   0 ]
 [ 86  19   0   5 108   0  54 233   0  37   0  17   0 ]
 [324  71   0  27  62   0  82 373   0 220   0  70   0 ]
 [164  30   0  11  60   0  42 220   0 108   0  33   0 ]
 [220  60   0  17  78   0  92 399   0 160   0 124   0 ]
 [126  20   0   6  29   0  32 215   0  95   0  46   0 ]]

Precisione media del classificatore: 0.14

Recall media del classificatore: 0.18
