linear 10

Accuratezza del classificatore: 12.84%

Confusion Matrix:

[[646  57   0  17  20   0  17 433   0  29   0  16   0 ]
 [539  23   0   9  16   0  10 534   0  11   0  25   0 ]
 [ 50   0   0   0   1   0   0  25   0   0   0   3   0 ]
 [463  22   0   3  14   0   3 579   0  23   0  19   0 ]
 [457  53   0  13  74   0  10 373   0  28   0  31   0 ]
 [ 86  12   0   4  13   0   3 111   0   5   0  19   0 ]
 [252  21   0   2  25   0   8 491   0  39   0  15   0 ]
 [290  33   0  82  37   0   1 569   0  56   0  44   0 ]
 [178  15   0   2  27   0  11 306   0  10   0  10   0 ]
 [582  37   0  17  27   0   6 482   0  35   0  43   0 ]
 [317  16   0   6  12   0   1 291   0  11   0  14   0 ]
 [436  38   0  13  50   0   3 519   0  32   0  59   0 ]
 [214  16   0   6  26   0   1 261   0  17   0  28   0 ]]

Precisione media del classificatore: 0.12

Recall media del classificatore: 0.15

==============================================================

linear 100

Accuratezza del classificatore: 15.43%

Confusion Matrix:

[[454 138   0   0 138   0  42 240   0 148   0  75   0 ]
 [408  89   0   0 145   0  53 267   0 155   0  50   0 ]
 [ 33   4   0   0   8   0   0  12   0  15   0   7   0 ]
 [296  62   0   0 103   0  33 351   0 211   0  70   0 ]
 [348 144   0   1 136   0  35 177   0 145   0  53   0 ]
 [ 87  38   0   0  16   0  17  41   0  35   0  19   0 ]
 [133  91   0   0  80   0 158 269   0  95   0  27   0 ]
 [102 167   0   0  64   0  38 551   0 116   0  74   0 ]
 [144  40   0   0  53   0  70 177   0  52   0  23   0 ]
 [406 142   0   1  65   0  44 239   0 207   0 125   0 ]
 [237  67   0   0  51   0  23 153   0  99   0  38   0 ]
 [408 123   0   0  69   0  37 245   0 161   0 107   0 ]
 [212  64   0   0  24   0  29 113   0  89   0  37   1 ]]

Precisione media del classificatore: 0.26

Recall media del classificatore: 0.19

==================================================================

linear 1000

Accuratezza del classificatore: 14.09%

Confusion Matrix:

[[287 101   0  21 134   0 125 376   0 127   0  64   0 ]
 [253  89   0  27 158   0 108 361   0 109   0  62   0 ]
 [ 14   4   0   0  10   0  10  23   0  13   0   5   0 ]
 [238  63   0  19 121   0 116 353   0 184   0  32   0 ]
 [158  91   0  19 111   0 108 385   0  92   0  75   0 ]
 [ 55  15   0   5  15   0  29  79   0  29   0  26   0 ]
 [132  31   0   3 153   0 179 281   0  37   0  37   0 ]
 [157 116   0  12 103   0  52 526   0  92   0  54   0 ]
 [ 86  19   0   5 108   0  54 233   0  37   0  17   0 ]
 [324  71   0  27  62   0  82 373   0 220   0  70   0 ]
 [164  30   0  11  60   0  42 220   0 108   0  33   0 ]
 [220  60   0  17  78   0  92 399   0 160   0 124   0 ]
 [126  20   0   6  29   0  32 215   0  95   0  46   0 ]]

Precisione media del classificatore: 0.14

Recall media del classificatore: 0.18

===============================================================

linear 5000

Accuratezza del classificatore: 15.99%
[[  0   0   0   0   0   0   0   0   0   0   0   0   0   0]
 [177 117   0  21  88   0  50 288   0 292   0 202   0   0]
 [135 110   0   7  98   0  71 304   0 269   0 173   0   0]
 [ 14   4   0   0   9   0   5  17   0  20   0  10   0   0]
 [155  89   0   5  72   0  43 317   0 220   0 225   0   0]
 [135 127   0  21 103   0  35 247   0 188   0 183   0   0]
 [ 35  46   0   5  15   0  13  55   0  45   0  39   0   0]
 [ 63  90   0  12  41   0 129 316   0  64   0 138   0   0]
 [ 55 115   0  18  30   0  26 656   0  91   0 121   0   0]
 [ 35  57   0   8  42   0  49 214   0  52   0 102   0   0]
 [132 170   0  25 106   0  16 227   0 351   0 202   0   0]
 [ 74  68   0   4  68   0  21 131   0 166   0 136   0   0]
 [122 186   0  11  92   0  12 247   0 246   0 234   0   0]
 [ 73  78   0   8  65   0  13 107   0 122   0 103   0   0]]
Precisione media del classificatore: 0.15
Recall media del classificatore: 0.20
