poly 10

Accuratezza del classificatore: 10.07%

Confusion Matrix:

[[   0    0    0    0    0    0 1234    1    0    0    0    0    0]
 [   0    0    0    0    0    0 1167    0    0    0    0    0    0]
 [   0    0    0    0    0    0   79    0    0    0    0    0    0]
 [   0    0    0    0    0    0 1126    0    0    0    0    0    0]
 [   0    0    0    0    0    1 1036    2    0    0    0    0    0]
 [   0    0    0    0    0    0  253    0    0    0    0    0    0]
 [   0    0    0    0    0    0  853    0    0    0    0    0    0]
 [   0    0    0    0    0    0 1112    0    0    0    0    0    0]
 [   0    0    0    0    0    0  559    0    0    0    0    0    0]
 [   0    0    0    0    0    0 1228    1    0    0    0    0    0]
 [   0    0    0    0    0    0  668    0    0    0    0    0    0]
 [   0    0    0    0    0    0 1150    0    0    0    0    0    0]
 [   0    0    0    0    0    0  569    0    0    0    0    0    0]]

Precisione media del classificatore: 0.10

Recall media del classificatore: 1.00
=========================================================================

poly 100

Accuratezza del classificatore: 11.05%

Confusion Matrix:

[[  42    3    0    6   11    0   52 1116    0    3    0    2    0 ]
 [  17    2    0    2   11    0   44 1081    0    4    0    6    0 ]
 [   0    0    0    0    1    0    3   75    0    0    0    0    0 ]
 [   9    0    0    0    5    0   27 1082    0    0    0    3    0 ]
 [  24    4    0    2   28    0   53  923    0    2    0    3    0 ]
 [   3    0    0    0    5    0   10  234    0    1    0    0    0 ]
 [   4    0    0    0    8    0   75  765    0    0    0    1    0 ]
 [  10    0    0    1   10    0   20 1067    0    0    0    4    0 ]
 [   2    0    0    2   22    0   26  503    0    2    0    2    0 ]
 [  22    4    0    3   10    0   45 1140    0    0    0    5    0 ]
 [  12    0    0    0    9    0   18  627    0    0    0    2    0 ]
 [  18    3    0    1   23    0   59 1039    0    1    0    6    0 ]
 [   3    0    0    0    7    0   20  539    0    0    0    0    0 ]]

Precisione media del classificatore: 0.17

Recall media del classificatore: 0.19

==========================================================================

poly 1000

Accuratezza del classificatore: 33.12%

Confusion Matrix:

[[487 117   1  70 188   9  73  97   9  99   1  76   8 ]
 [287 126   0 108 199   9  84 130  12 115   4  84   9 ]
 [ 10   4  20  13   4   0   6   9   0   5   0   6   2 ]
 [181  84   3 272 116   6  77 163  13 105   2  94  10 ]
 [164  81   1  49 397  23  42  75   2  84   3  99  19 ]
 [ 42  12   1  12  47  46  21  21   2  21   0  18  10 ]
 [ 36  18   0  16  32   8 650  46   6  13   1  27   0 ]
 [ 35  29   1  26  31   0  36 891   3  26   0  29   5 ]
 [ 63  30   0  30  57   1 110  78 102  49   0  36   3 ]
 [256  87   0  66 127   7  58 129  11 284   1 178  25 ]
 [133  60   0  57  91   4  39  83   2 105   8  73  13 ]
 [148  72   0  81 167  17  45 108  12 160   5 298  37 ]
 [ 85  38   0  32  77   2  16  59   7  79   2  97  75 ]]

Precisione media del classificatore: 0.37

Recall media del classificatore: 0.30