rbf 10

Accuratezza del classificatore: 11.31%

Confusion Matrix:

[[ 13 636   0   0   1   0   0   0   0   1   0 584   0 ]
 [ 16 679   0   0   0   0   0   0   0   1   0 471   0 ]
 [  1  43   0   0   0   0   0   0   0   0   0  35   0 ]
 [ 14 643   0   1   0   0   0   2   0   0   0 466   0 ]
 [ 10 497   0   0   5   0   0   0   0   0   0 527   0 ]
 [  2 108   0   0   2   0   0   0   0   0   0 141   0 ]
 [  8 495   0   0   0   0   2   1   0   0   0 347   0 ]
 [  1 424   0   0   0   0   1   4   0   3   0 679   0 ]
 [  9 337   0   0   0   0   2   2   5   4   0 200   0 ]
 [ 20 629   0   0   1   0   0   0   0  11   0 568   0 ]
 [ 15 390   0   0   0   0   0   0   0   6   0 257   0 ]
 [ 14 599   0   0   1   0   0   1   1   5   0 529   0 ]
 [  5 289   0   0   0   0   0   0   0  10   0 265   0 ]]

Precisione media del classificatore: 0.41

Recall media del classificatore: 0.12

===========================================================

rbf 100

Accuratezza del classificatore: 17.36%

Confusion Matrix:

[[405 666   0  54  36   0   0  37   0  35   0   2   0 ]
 [316 651   0  76  36   0   6  51   3  26   0   2   0 ]
 [ 18  42   2   5   2   0   0   8   0   2   0   0   0 ]
 [288 587   3 112  25   0   4  68   1  35   0   3   0 ]
 [208 682   0  47  43   0   1  26   1  25   0   6   0 ]
 [ 38 166   0  14  15   4   1   4   1   8   0   2   0 ]
 [119 441   0  70  37   0 120  47   3  14   0   2   0 ]
 [ 82 552   0  44  12   0   4 404   2  10   0   2   0 ]
 [ 78 267   0  47  59   0  18  33  36  13   0   8   0 ]
 [235 699   0  81  46   0   1  61   2  88   0  16   0 ]
 [143 378   0  45  21   0   2  39   0  34   1   5   0 ]
 [173 691   0  79  59   0   1  54   2  45   0  45   1 ]
 [105 318   0  36  17   0   0  40   1  32   0  15   5 ]]

Precisione media del classificatore: 0.49

Recall media del classificatore: 0.14

=============================================================

rbf 1000

Accuratezza del classificatore: 41.74%

Confusion Matrix:

[[460 162   0  63 110   1  34  75   2 224   5  87  12 ]
 [197 311   0 103  94   2  46  63  13 203  12 103  20 ]
 [  4   8  19  15   2   0   1   3   1  21   0   2   3 ]
 [ 99 163   2 387  46   0  30  73   6 191  18  98  13 ]
 [136  95   0  39 337   1  38  78  15 150   1 140   9 ]
 [ 22  18   0  11  32  57   7  26   4  38   3  31   4 ]
 [ 13  25   0  10  13   0 704  35  19  13   2  18   1 ]
 [  9  24   0  19   6   0  27 945   9  37   3  25   8 ]
 [ 22  56   0  14  25   1  71  35 224  51   5  49   6 ]
 [125  94   0  49  45   0  19  99   5 562  17 196  18 ]
 [ 88  95   0  41  24   0  19  46   7 191  47  99  11 ]
 [ 54  85   0  33  76   0  36 101  15 271  10 416  53 ]
 [ 25  48   0  21  40   2   7  41   7 135   5  99 139 ]]

Precisione media del classificatore: 0.51

Recall media del classificatore: 0.38
==============================================================

rbf 5000

Accuratezza del classificatore: 56.71%

Confusion Matrix:

[[  0   0   0   0   0   0   0   0   0   0   0   0   0   0]
 [525  56   0  96 278  12   7  13   7  34 127  36  44   0]
 [114 263   0 252 192   9  10  18  24  32 171  34  48   0]
 [  1   3  19  38   3   0   0   1   0   0   5   4   5   0]
 [ 24  31   1 821  35   5  13  20  13  17  89  20  37   0]
 [ 27  14   0  44 803  11  10   9  15   5  35  29  37   0]
 [  6   3   0  14  74  96   2   4   6   2   7  11  28   0]
 [  6   6   0  27  22   2 702  24  28   3  11  11  11   0]
 [  0   3   0  42  18   1  14 953  12   9  22  12  26   0]
 [  6   5   1  16  30   4  64  17 332   4  27  23  30   0]
 [ 72  16   0 112  85   8   1  22   5 492 194 118 104   0]
 [ 23  14   0  96  31   0   4  12  12  51 328  44  53   0]
 [ 13  12   0  69 122   5   3  16  23  47 107 543 190   0]
 [  4   5   0  33  31   5   2  10   6  17  33  40 383   0]]
 
Precisione media del classificatore: 0.62

Recall media del classificatore: 0.54

