K=1

Accuratezza del classificatore: 52.02%

Confusion Matrix: 

[[525 143  10  64 129  12  47  31  33  94  60  66  21]
 [164 407   3  90  97  15  46  68  50  90  54  58  25]
 [  1   7  33  16   4   0   1   3   2   3   4   2   3]
 [ 74 109   7 540  60   7  34  67  23  58  59  50  38]
 [ 82  60   1  34 604  22  45  25  35  37  24  50  20]
 [ 14  11   0  11  29 117   7   7  15  10   5  12  15]
 [ 20  15   0   9  16   4 660  34  51   9   9  13  13]
 [ 20  18   0  20  19   4  37 900  24  18  14  28  10]
 [ 15  26   1  15  25   6  68  41 293  15  15  25  14]
 [ 99  70   2  56  61   9  21  59  23 574  77 137  41]
 [ 52  60   4  45  39   6  17  38  19  78 238  56  16]
 [ 50  52   1  36  66  17  21  43  41 131  57 546  89]
 [ 25  13   2  22  21  10  13  21  20  37  19  61 305]]

Classification report:

              precision    recall  f1-score   support

           1       0.46      0.43      0.44      1235
           2       0.41      0.35      0.38      1167
           3       0.52      0.42      0.46        79
           4       0.56      0.48      0.52      1126
           5       0.52      0.58      0.55      1039
           6       0.51      0.46      0.49       253
           7       0.65      0.77      0.71       853
           8       0.67      0.81      0.73      1112
           9       0.47      0.52      0.49       559
          10       0.50      0.47      0.48      1229
          11       0.37      0.36      0.37       668
          12       0.49      0.47      0.48      1150
          13       0.50      0.54      0.52       569

    accuracy                           0.52     11039
   macro avg       0.51      0.51      0.51     11039
weighted avg       0.51      0.52      0.51     11039

==============================================================

K=3

Accuratezza del classificatore: 47.85%

Confusion Matrix: 

[[728 190   4  62  98  10  24  21  16  43  15  19   5]
 [341 443   4 123  95   6  42  35  14  36   9  14   5]
 [ 12   9  30  19   1   0   0   1   3   1   1   2   0]
 [201 196  14 509  45   3  24  48  15  30  13  24   4]
 [200 112   4  56 550  19  21  13  21  18   3  16   6]
 [ 37  23   1  26  42  84   5   6   9   6   1   6   7]
 [ 37  33   1  27  30   4 662  27  24   2   2   2   2]
 [ 41  44   0  34  21   2  48 892  11   7   2   9   1]
 [ 48  55   3  36  47   6  78  31 233   7   3  10   2]
 [233 146   4  93  90  13  26  58  20 420  32  85   9]
 [141  89   5  69  47  11  17  41  15  58 136  35   4]
 [144 118   5  75 108  22  36  54  35  99  24 397  33]
 [ 61  57   6  37  37  15  22  33  14  33  13  43 198]]

Classification report:

              precision    recall  f1-score   support

           1       0.33      0.59      0.42      1235
           2       0.29      0.38      0.33      1167
           3       0.37      0.38      0.38        79
           4       0.44      0.45      0.44      1126
           5       0.45      0.53      0.49      1039
           6       0.43      0.33      0.38       253
           7       0.66      0.78      0.71       853
           8       0.71      0.80      0.75      1112
           9       0.54      0.42      0.47       559
          10       0.55      0.34      0.42      1229
          11       0.54      0.20      0.30       668
          12       0.60      0.35      0.44      1150
          13       0.72      0.35      0.47       569

    accuracy                           0.48     11039
   macro avg       0.51      0.45      0.46     11039
weighted avg       0.51      0.48      0.47     11039


=============================================================

K=5

Accuratezza del classificatore: 48.69%

Confusion Matrix: 

[[689 170   4  48 110   8  19  29  24  69  22  37   6]
 [327 397   2 129  96   1  29  41  21  53  22  38  11]
 [ 12   8  24  17   3   0   1   1   0   3   4   3   3]
 [166 173   6 487  44   3  30  71  14  52  26  42  12]
 [187  82   2  40 565  10  25  32  20  27  10  29  10]
 [ 39  29   0  23  37  74   7   7   9   8   2   9   9]
 [ 28  18   0  13  22   2 689  30  31   3   7   6   4]
 [ 33  31   0  21  12   0  49 929  13   7   4  12   1]
 [ 40  44   1  21  34   3  91  36 251   8   4  22   4]
 [211 109   1  60  63   6  17  49  14 467  52 163  17]
 [136  74   2  52  37   4  15  33  17  87 144  55  12]
 [120  81   2  56  96  12  20  52  23 147  35 451  55]
 [ 47  37   2  31  37   9  12  34  12  41  14  85 208]]

Classification report:

              precision    recall  f1-score   support

           1       0.34      0.56      0.42      1235
           2       0.32      0.34      0.33      1167
           3       0.52      0.30      0.38        79
           4       0.49      0.43      0.46      1126
           5       0.49      0.54      0.51      1039
           6       0.56      0.29      0.38       253
           7       0.69      0.81      0.74       853
           8       0.69      0.84      0.76      1112
           9       0.56      0.45      0.50       559
          10       0.48      0.38      0.42      1229
          11       0.42      0.22      0.28       668
          12       0.47      0.39      0.43      1150
          13       0.59      0.37      0.45       569

    accuracy                           0.49     11039
   macro avg       0.51      0.46      0.47     11039
weighted avg       0.49      0.49      0.48     11039

===========================================================

K=7

Accuratezza del classificatore: 48.91%

Confusion Matrix: 

[[670 177   2  54 121   7  21  28  27  74  22  29   3]
 [313 391   0 123  99   2  33  43  23  65  26  41   8]
 [  8  10  20  23   6   0   0   1   0   6   3   1   1]
 [130 184   2 500  53   3  32  85  14  58  16  39  10]
 [179 101   0  40 557   9  30  30  18  27   7  32   9]
 [ 31  24   0  23  52  66   6   8   8   8   4  12  11]
 [ 18  13   0  16  26   3 698  34  27   6   3   7   2]
 [ 28  29   0  26  22   2  42 934  10   7   2   8   2]
 [ 26  39   1  22  31   0 107  33 256   7   7  21   9]
 [179  93   1  72  66   6  25  58  12 492  37 166  22]
 [108  83   2  63  45   2  14  36  18  92 138  50  17]
 [ 93  63   2  53 101   6  25  61  28 156  33 480  49]
 [ 35  33   0  31  40   8  10  36  17  50  16  96 197]]

Classification report:

              precision    recall  f1-score   support

           1       0.37      0.54      0.44      1235
           2       0.32      0.34      0.32      1167
           3       0.67      0.25      0.37        79
           4       0.48      0.44      0.46      1126
           5       0.46      0.54      0.49      1039
           6       0.58      0.26      0.36       253
           7       0.67      0.82      0.74       853
           8       0.67      0.84      0.75      1112
           9       0.56      0.46      0.50       559
          10       0.47      0.40      0.43      1229
          11       0.44      0.21      0.28       668
          12       0.49      0.42      0.45      1150
          13       0.58      0.35      0.43       569

    accuracy                           0.49     11039
   macro avg       0.52      0.45      0.46     11039
weighted avg       0.49      0.49      0.48     11039

==========================================================

K=10

Accuratezza del classificatore: 49.26%

Confusion Matrix: 

[[698 154   1  57 129   4  25  28  19  70  15  26   9]
 [324 396   0 126  98   1  39  40  18  54  19  42  10]
 [  8   9  19  25   5   0   2   0   0   7   1   2   1]
 [137 186   1 495  50   4  24  81  16  59  13  51   9]
 [156  92   0  39 585  10  35  33  14  27   9  29  10]
 [ 37  24   0  20  65  59   4  10   7   6   3  11   7]
 [ 21  14   0  15  20   1 704  39  26   2   4   3   4]
 [ 24  27   0  25  22   2  37 938  14   8   2  13   0]
 [ 26  35   1  19  29   2 103  44 255  11   2  26   6]
 [175 109   2  66  71   4  23  55  15 482  23 185  19]
 [119  76   3  63  59   3  14  34  13  99 120  53  12]
 [ 80  73   1  58  89   5  21  71  29 148  27 505  43]
 [ 44  37   0  35  36   7   8  36  16  60  12  96 182]]

Classification report:

              precision    recall  f1-score   support

           1       0.38      0.57      0.45      1235
           2       0.32      0.34      0.33      1167
           3       0.68      0.24      0.36        79
           4       0.47      0.44      0.46      1126
           5       0.47      0.56      0.51      1039
           6       0.58      0.23      0.33       253
           7       0.68      0.83      0.74       853
           8       0.67      0.84      0.74      1112
           9       0.58      0.46      0.51       559
          10       0.47      0.39      0.43      1229
          11       0.48      0.18      0.26       668
          12       0.48      0.44      0.46      1150
          13       0.58      0.32      0.41       569

    accuracy                           0.49     11039
   macro avg       0.53      0.45      0.46     11039
weighted avg       0.50      0.49      0.48     11039
=============================================================
K=15

Accuratezza del classificatore: 49.66%

Confusion Matrix: 

[[679 142   1  57 150   3  16  34  21  73  14  37   8]
 [308 391   0 137  93   1  37  42  22  64  22  45   5]
 [ 11   7  16  27   3   0   2   3   0   7   0   2   1]
 [127 181   1 497  57   1  24  84  13  55  23  49  14]
 [163 100   0  33 594   5  29  32  16  21   6  31   9]
 [ 32  24   0  15  69  56   8   7   7   8   0  17  10]
 [ 21  12   0  15  19   0 709  35  28   5   3   5   1]
 [ 20  22   0  16  16   1  37 948  16  14   1  20   1]
 [ 16  39   0  15  29   1 110  37 258  16   2  30   6]
 [166  92   0  59  68   2  16  57  14 533  20 185  17]
 [110  72   2  71  50   1  13  40  15 125  96  63  10]
 [ 80  69   1  54 109   5  23  63  25 136  15 530  40]
 [ 31  35   0  32  39   5   9  42  12  59  11 119 175]]

Classification report:

              precision    recall  f1-score   support

           1       0.38      0.55      0.45      1235
           2       0.33      0.34      0.33      1167
           3       0.76      0.20      0.32        79
           4       0.48      0.44      0.46      1126
           5       0.46      0.57      0.51      1039
           6       0.69      0.22      0.34       253
           7       0.69      0.83      0.75       853
           8       0.67      0.85      0.75      1112
           9       0.58      0.46      0.51       559
          10       0.48      0.43      0.45      1229
          11       0.45      0.14      0.22       668
          12       0.47      0.46      0.46      1150
          13       0.59      0.31      0.40       569

    accuracy                           0.50     11039
   macro avg       0.54      0.45      0.46     11039
weighted avg       0.50      0.50      0.48     11039

============================================================