K=1

Accuratezza del classificatore: 30.78%

Confusion Matrix: 

[[156 154   0  59  40   2  58 280 349  37  15  81   4]
 [ 24 250   0  57  25   1  83 270 366  16  14  56   5]
 [  0   6  20   6   0   0   6  20  16   0   0   4   1]
 [ 16  89   1 316  11   4  68 245 282  16  11  63   4]
 [ 15  85   0  35 311   5  51 206 245  16   9  57   4]
 [  3  22   0   6   4  67   8  58  61   1   3  17   3]
 [  3  47   0   6  11   2 365 172 203   9   4  31   0]
 [ 14  56   0  35  14   0  36 671 218  12  14  41   1]
 [  3  22   0   9   7   0  45 133 306   7   0  24   3]
 [ 22 122   0  35  15   1  70 212 317 291  31 102  11]
 [  8  66   0  25   8   0  36 148 180  22 135  38   2]
 [  7  98   0  43  14   2  28 242 321  27  17 342   9]
 [  3  39   0  16  11   1  20 101 151   9   8  42 168]]

Classification report:

              precision    recall  f1-score   support

           1       0.57      0.13      0.21      1235
           2       0.24      0.21      0.22      1167
           3       0.95      0.25      0.40        79
           4       0.49      0.28      0.36      1126
           5       0.66      0.30      0.41      1039
           6       0.79      0.26      0.40       253
           7       0.42      0.43      0.42       853
           8       0.24      0.60      0.35      1112
           9       0.10      0.55      0.17       559
          10       0.63      0.24      0.34      1229
          11       0.52      0.20      0.29       668
          12       0.38      0.30      0.33      1150
          13       0.78      0.30      0.43       569

    accuracy                           0.31     11039
   macro avg       0.52      0.31      0.33     11039
weighted avg       0.47      0.31      0.32     11039



====================================================================
K=3

Accuratezza del classificatore: 24.50%

Confusion Matrix: 

[[190 233   0  82  33   5  87 283 301   4   0  17   0]
 [ 65 324   0  74  23   3  96 256 299   2   5  20   0]
 [  1  21  14   7   0   0   6  17  11   0   0   2   0]
 [ 43 197   2 274  18   5 100 219 246   3   1  17   1]
 [ 54 168   0  72 248   5  59 197 216   2   1  16   1]
 [  6  50   0  18   6  45  13  56  55   0   0   2   2]
 [ 21 136   0  26  15   0 340 153 146   1   0  15   0]
 [ 31 115   0  60  14   1  55 633 183   2   1  17   0]
 [ 12  55   0  26   8   0  63 112 273   0   0  10   0]
 [ 55 228   0  93  28   2 119 269 295  97   2  41   0]
 [ 20 143   0  51  14   1  52 159 158   4  53  13   0]
 [ 29 188   0  76  35   2  79 287 300   6   0 145   3]
 [ 13  89   1  35  16   1  49 133 146   2   1  14  69]]

Classification report:

              precision    recall  f1-score   support

           1       0.35      0.15      0.21      1235
           2       0.17      0.28      0.21      1167
           3       0.82      0.18      0.29        79
           4       0.31      0.24      0.27      1126
           5       0.54      0.24      0.33      1039
           6       0.64      0.18      0.28       253
           7       0.30      0.40      0.35       853
           8       0.23      0.57      0.33      1112
           9       0.10      0.49      0.17       559
          10       0.79      0.08      0.14      1229
          11       0.83      0.08      0.14       668
          12       0.44      0.13      0.20      1150
          13       0.91      0.12      0.21       569

    accuracy                           0.25     11039
   macro avg       0.49      0.24      0.24     11039
weighted avg       0.44      0.25      0.24     11039



============================================================

K=5

Accuratezza del classificatore: 21.04%

Confusion Matrix: 

[[126 166   0  42  17   1  63 335 436   7   1  41   0]
 [ 39 205   0  49  11   1  84 317 421   5   2  32   1]
 [  1  15   9   4   0   0   5  21  22   0   0   2   0]
 [ 24 105   1 181   5   0  79 271 417   7   1  32   3]
 [ 34 110   0  34 162   4  54 275 331   6   1  27   1]
 [  5  39   0   5   2  22  13  76  82   0   1   6   2]
 [ 14  62   0   7   6   0 305 194 239   1   1  24   0]
 [ 19  54   0  20  10   0  37 694 260   2   0  16   0]
 [  4  29   0   9   4   0  49 153 298   1   0  12   0]
 [ 40 139   0  49  12   0  85 313 459  84   4  43   1]
 [ 15  85   0  24   8   0  40 181 240   7  50  18   0]
 [ 24 118   1  25  15   0  50 311 459   6   0 138   3]
 [ 10  49   0  11   9   1  34 140 236   1   1  28  49]]

Classification report:

              precision    recall  f1-score   support

           1       0.35      0.10      0.16      1235
           2       0.17      0.18      0.17      1167
           3       0.82      0.11      0.20        79
           4       0.39      0.16      0.23      1126
           5       0.62      0.16      0.25      1039
           6       0.76      0.09      0.16       253
           7       0.34      0.36      0.35       853
           8       0.21      0.62      0.32      1112
           9       0.08      0.53      0.13       559
          10       0.66      0.07      0.12      1229
          11       0.81      0.07      0.14       668
          12       0.33      0.12      0.18      1150
          13       0.82      0.09      0.16       569

    accuracy                           0.21     11039
   macro avg       0.49      0.20      0.20     11039
weighted avg       0.43      0.21      0.20     11039


==============================================================

K=7

Accuratezza del classificatore: 19.74%

Confusion Matrix: 

[[ 85 175   0  45  19   0  73 286 521   6   3  22   0]
 [ 18 191   0  48   7   0  89 249 531   4   2  28   0]
 [  0  12   8   4   0   0  11  23  20   0   0   1   0]
 [ 14  87   0 151   4   0  88 263 498   5   0  16   0]
 [ 15  92   0  31 151   2  64 242 409   4   1  27   1]
 [  3  29   0   3   3  20  18  76  95   0   0   6   0]
 [  5  58   0   7   9   0 297 181 278   0   1  17   0]
 [  4  53   0  16   5   0  45 660 312   0   1  16   0]
 [  0  21   0   5   1   0  32 126 365   0   0   9   0]
 [ 13 100   0  46  12   0  91 295 570  62   1  36   3]
 [ 10  53   0  22   9   0  42 180 297   4  32  19   0]
 [ 10  77   0  35  10   0  55 271 571   6   2 111   2]
 [  4  29   0  10   6   1  31 128 283   3   1  27  46]]

Classification report:

              precision    recall  f1-score   support

           1       0.47      0.07      0.12      1235
           2       0.20      0.16      0.18      1167
           3       1.00      0.10      0.18        79
           4       0.36      0.13      0.19      1126
           5       0.64      0.15      0.24      1039
           6       0.87      0.08      0.14       253
           7       0.32      0.35      0.33       853
           8       0.22      0.59      0.32      1112
           9       0.08      0.65      0.14       559
          10       0.66      0.05      0.09      1229
          11       0.73      0.05      0.09       668
          12       0.33      0.10      0.15      1150
          13       0.88      0.08      0.15       569

    accuracy                           0.20     11039
   macro avg       0.52      0.20      0.18     11039
weighted avg       0.45      0.20      0.18     11039


==============================================================


K=10

Accuratezza del classificatore: 17.69%

Confusion Matrix: 

[[ 62 130   0  30  15   0  63 263 641   3   1  27   0]
 [ 13 157   0  35   1   0  66 212 650   6   1  26   0]
 [  0   7   7   6   0   0   5  19  34   0   0   1   0]
 [  8  74   0 122   4   0  66 209 622   3   0  18   0]
 [ 10  81   0  23 101   1  45 202 539   3   1  32   1]
 [  1  20   0   9   4  12   9  64 129   0   0   5   0]
 [  4  42   0   7   3   0 255 139 392   0   0  11   0]
 [  2  28   0  15   2   0  32 626 390   0   0  17   0]
 [  0  10   0   4   0   0  31 105 399   0   0  10   0]
 [ 15  69   0  40   8   0  70 238 680  52   2  53   2]
 [  6  48   0  19   4   0  28 146 374   5  25  13   0]
 [  5  61   0  21   8   0  38 214 692   5   0 105   1]
 [  0  26   0   9   2   0  20 101 344   1   1  35  30]]

Classification report:

              precision    recall  f1-score   support

           1       0.49      0.05      0.09      1235
           2       0.21      0.13      0.16      1167
           3       1.00      0.09      0.16        79
           4       0.36      0.11      0.17      1126
           5       0.66      0.10      0.17      1039
           6       0.92      0.05      0.09       253
           7       0.35      0.30      0.32       853
           8       0.25      0.56      0.34      1112
           9       0.07      0.71      0.12       559
          10       0.67      0.04      0.08      1229
          11       0.81      0.04      0.07       668
          12       0.30      0.09      0.14      1150
          13       0.88      0.05      0.10       569

    accuracy                           0.18     11039
   macro avg       0.54      0.18      0.16     11039
weighted avg       0.46      0.18      0.16     11039


==============================================================

K=15

Accuratezza del classificatore: 15.53%

Confusion Matrix: 

[[ 32  86   0  28   6   0  38 196 832   3   0  14   0]
 [ 10 119   0  22   1   0  39 159 796   4   0  17   0]
 [  0   4   5   3   0   0   3  15  49   0   0   0   0]
 [  5  40   0  81   4   0  31 169 778   1   1  16   0]
 [  5  47   0  18  64   0  30 145 708   0   0  21   1]
 [  1  21   0   3   2   7  10  32 174   0   0   3   0]
 [  0  25   0   7   1   0 234  90 489   0   0   7   0]
 [  0  20   0   8   2   0  23 543 503   0   0  13   0]
 [  0   6   0   2   0   0  18  56 472   0   0   5   0]
 [  7  41   0  25   4   0  37 166 862  41   0  45   1]
 [  6  26   0  12   2   0  28  98 463   4  11  18   0]
 [  2  33   0  13   2   0  29 159 820   4   0  87   1]
 [  0  17   0   8   3   0  12  69 412   3   1  26  18]]

Classification report:

              precision    recall  f1-score   support

           1       0.47      0.03      0.05      1235
           2       0.25      0.10      0.14      1167
           3       1.00      0.06      0.12        79
           4       0.35      0.07      0.12      1126
           5       0.70      0.06      0.11      1039
           6       1.00      0.03      0.05       253
           7       0.44      0.27      0.34       853
           8       0.29      0.49      0.36      1112
           9       0.06      0.84      0.12       559
          10       0.68      0.03      0.06      1229
          11       0.85      0.02      0.03       668
          12       0.32      0.08      0.12      1150
          13       0.86      0.03      0.06       569

    accuracy                           0.16     11039
   macro avg       0.56      0.16      0.13     11039
weighted avg       0.48      0.16      0.14     11039


==============================================================