K=1

Accuratezza del classificatore: 30.76%

Confusion Matrix:

[[157 146   0  63  30   6  62 292 328  32  25  83  11]
 [ 30 252   0  47  24   2  73 282 331  22  11  85   8]
 [  0   6  20   9   1   0   5  18  14   1   0   4   1]
 [ 24  81   1 307  16   1  60 235 306  24   8  57   6]
 [ 12  80   0  39 324   6  57 212 231   7  10  58   3]
 [  1  31   0   8   6  68  10  54  51   2   2  17   3]
 [  9  44   0  13  10   0 363 169 200   9   5  31   0]
 [ 11  54   0  39  11   0  40 674 214  13  10  40   6]
 [  4  17   1  11   4   0  52 138 294   7   2  28   1]
 [ 21 100   1  39  21   1  78 218 311 301  28 100  10]
 [ 11  56   0  24   9   0  37 138 183  21 139  45   5]
 [  7  80   2  42  19   1  49 236 316  28  17 336  17]
 [  3  35   0  16   7   2  20  99 168   5   5  48 161]]

Classification report:

              precision    recall  f1-score   support

           1       0.54      0.13      0.21      1235
           2       0.26      0.22      0.23      1167
           3       0.80      0.25      0.38        79
           4       0.47      0.27      0.34      1126
           5       0.67      0.31      0.43      1039
           6       0.78      0.27      0.40       253
           7       0.40      0.43      0.41       853
           8       0.24      0.61      0.35      1112
           9       0.10      0.53      0.17       559
          10       0.64      0.24      0.35      1229
          11       0.53      0.21      0.30       668
          12       0.36      0.29      0.32      1150
          13       0.69      0.28      0.40       569

    accuracy                           0.31     11039
   macro avg       0.50      0.31      0.33     11039
weighted avg       0.46      0.31      0.32     11039


==============================================================

K=3

Accuratezza del classificatore: 24.08%

Confusion Matrix:

[[210 230   1  86  45   3  92 237 300   7   1  22   1]
 [ 69 301   0  98  25   1  96 235 305   4   2  31   0]
 [  4  17  12   8   0   0  10  15  13   0   0   0   0]
 [ 57 190   2 279  17   3  86 202 266   5   0  18   1]
 [ 51 169   1  80 246   8  76 186 210   3   1   8   0]
 [  9  42   0  13  10  46  17  55  56   0   0   3   2]
 [ 24 117   0  35  17   1 336 151 158   1   0  13   0]
 [ 29 114   0  56  20   2  63 603 204   4   0  16   1]
 [ 12  52   1  22  10   0  70 114 266   0   0  12   0]
 [ 68 215   0  99  41   1 114 270 284  91   2  44   0]
 [ 32 113   1  56  10   1  59 147 166   5  54  24   0]
 [ 32 164   0  93  39   2  96 268 300   3   3 145   5]
 [ 12  85   0  37  16   3  46 121 162   1   1  16  69]]

Classification report:

              precision    recall  f1-score   support

           1       0.34      0.17      0.23      1235
           2       0.17      0.26      0.20      1167
           3       0.67      0.15      0.25        79
           4       0.29      0.25      0.27      1126
           5       0.50      0.24      0.32      1039
           6       0.65      0.18      0.28       253
           7       0.29      0.39      0.33       853
           8       0.23      0.54      0.32      1112
           9       0.10      0.48      0.16       559
          10       0.73      0.07      0.13      1229
          11       0.84      0.08      0.15       668
          12       0.41      0.13      0.19      1150
          13       0.87      0.12      0.21       569

    accuracy                           0.24     11039
   macro avg       0.47      0.24      0.24     11039
weighted avg       0.42      0.24      0.23     11039


=============================================================
K=5

Accuratezza del classificatore: 20.82%

Confusion Matrix:

[[129 168   0  55  19   0  73 281 457  11   3  38   1]
 [ 45 191   0  55  11   0  80 287 437   8   4  47   2]
 [  3  14  10   6   0   0   9  14  22   0   0   1   0]
 [ 43 116   0 181   6   0  66 254 415   8   0  36   1]
 [ 35 103   1  43 166   2  58 237 352   7   1  31   3]
 [  8  31   0   5   4  28  12  74  81   0   1   8   1]
 [ 15  72   0  18   3   0 306 166 260   0   0  13   0]
 [ 18  67   0  29   9   1  38 645 283   3   1  17   1]
 [  7  35   0   7   4   0  44 137 313   0   0  12   0]
 [ 53 122   0  64  15   0  79 288 450  87   4  63   4]
 [ 32  67   0  33   2   0  38 167 241   7  51  30   0]
 [ 18 109   0  50  15   1  48 280 477  11   2 136   3]
 [  9  50   0  23   9   0  28 138 234   1   0  22  55]]

Classification report:

              precision    recall  f1-score   support

           1       0.31      0.10      0.16      1235
           2       0.17      0.16      0.17      1167
           3       0.91      0.13      0.22        79
           4       0.32      0.16      0.21      1126
           5       0.63      0.16      0.25      1039
           6       0.88      0.11      0.20       253
           7       0.35      0.36      0.35       853
           8       0.22      0.58      0.32      1112
           9       0.08      0.56      0.14       559
          10       0.61      0.07      0.13      1229
          11       0.76      0.08      0.14       668
          12       0.30      0.12      0.17      1150
          13       0.77      0.10      0.17       569

    accuracy                           0.21     11039
   macro avg       0.48      0.21      0.20     11039
weighted avg       0.41      0.21      0.20     11039


=============================================================
K=7

Accuratezza del classificatore: 19.23%

Confusion Matrix:

[[ 93 150   1  56  24   1  84 279 511   6   5  24   1]
 [ 21 172   0  56   7   0  88 273 502   5   7  34   2]
 [  0  12   9   4   2   0   9  17  23   0   1   2   0]
 [ 23 101   0 180   5   0  62 225 494   8   0  27   1]
 [ 14  99   0  37 136   1  70 213 441   4   1  21   2]
 [  5  30   0   6   4  19  12  65 105   0   1   6   0]
 [  4  52   0  11   7   0 301 164 305   0   0   9   0]
 [ 12  57   0  20   9   0  47 607 336   1   4  19   0]
 [  3  29   0   7   1   0  39 115 360   0   0   5   0]
 [ 29  93   0  48  14   0 102 263 559  57   3  61   0]
 [ 13  53   0  27   4   0  44 153 310   7  32  24   1]
 [  9  81   0  32  15   0  65 273 539  12   3 118   3]
 [  5  41   0  17   6   0  28 129 279   3   1  21  39]]

Classification report:

              precision    recall  f1-score   support

           1       0.40      0.08      0.13      1235
           2       0.18      0.15      0.16      1167
           3       0.90      0.11      0.20        79
           4       0.36      0.16      0.22      1126
           5       0.58      0.13      0.21      1039
           6       0.90      0.08      0.14       253
           7       0.32      0.35      0.33       853
           8       0.22      0.55      0.31      1112
           9       0.08      0.64      0.14       559
          10       0.55      0.05      0.09      1229
          11       0.55      0.05      0.09       668
          12       0.32      0.10      0.16      1150
          13       0.80      0.07      0.13       569

    accuracy                           0.19     11039
   macro avg       0.47      0.19      0.18     11039
weighted avg       0.40      0.19      0.18     11039


=============================================================
K=10

Accuratezza del classificatore: 17.18%

Confusion Matrix:

[[ 55 123   0  43  16   0  62 236 666   3   1  29   1]
 [ 13 135   0  41   5   0  68 205 662   4   0  34   0]
 [  1   7   9   4   0   0   5  12  37   0   0   4   0]
 [ 12  63   0 122   1   0  60 205 625   5   2  29   2]
 [ 11  83   0  35  98   0  52 183 544   3   1  27   2]
 [  3  20   0   2   4  11  14  59 135   0   1   4   0]
 [  2  36   0  12   6   0 267 134 384   0   0  11   1]
 [  4  36   0  21   2   0  36 574 416   0   3  20   0]
 [  2  17   0   4   1   0  28  92 410   0   0   5   0]
 [ 17  75   0  41  13   0  69 220 684  49   2  57   2]
 [  8  35   0  24   2   0  37 119 394   4  25  20   0]
 [  8  65   0  22   8   0  45 208 681   5   0 107   1]
 [  6  18   0  13   5   0  19  97 348   2   1  25  35]]

Classification report:

              precision    recall  f1-score   support

           1       0.39      0.04      0.08      1235
           2       0.19      0.12      0.14      1167
           3       1.00      0.11      0.20        79
           4       0.32      0.11      0.16      1126
           5       0.61      0.09      0.16      1039
           6       1.00      0.04      0.08       253
           7       0.35      0.31      0.33       853
           8       0.24      0.52      0.33      1112
           9       0.07      0.73      0.13       559
          10       0.65      0.04      0.08      1229
          11       0.69      0.04      0.07       668
          12       0.29      0.09      0.14      1150
          13       0.80      0.06      0.11       569

    accuracy                           0.17     11039
   macro avg       0.51      0.18      0.16     11039
weighted avg       0.42      0.17      0.16     11039



=============================================================
K=15

Accuratezza del classificatore: 14.91%

Confusion Matrix:

[[ 36 100   0  26   9   0  43 167 827   3   2  22   0]
 [ 11  89   0  34   1   0  48 155 801   0   0  28   0]
 [  0   4   5   4   0   0   3  12  47   0   0   4   0]
 [  4  52   0  92   2   0  41 152 758   3   0  21   1]
 [  2  47   0  24  58   0  32 138 718   1   0  18   1]
 [  1  15   0   3   2   6  10  45 165   0   0   6   0]
 [  2  14   0   6   0   0 223 103 497   0   0   8   0]
 [  3  22   0  13   0   0  25 522 511   2   0  14   0]
 [  0  15   0   3   0   0  21  55 461   0   0   4   0]
 [  6  48   0  22  10   0  41 159 862  41   1  39   0]
 [  7  34   0   9   4   0  22  83 465   6  14  23   1]
 [  4  39   0  14   6   0  34 149 821   3   0  79   1]
 [  0  19   0   6   3   0  20  58 413   1   1  28  20]]

Classification report:

              precision    recall  f1-score   support

           1       0.47      0.03      0.05      1235
           2       0.18      0.08      0.11      1167
           3       1.00      0.06      0.12        79
           4       0.36      0.08      0.13      1126
           5       0.61      0.06      0.10      1039
           6       1.00      0.02      0.05       253
           7       0.40      0.26      0.31       853
           8       0.29      0.47      0.36      1112
           9       0.06      0.82      0.12       559
          10       0.68      0.03      0.06      1229
          11       0.78      0.02      0.04       668
          12       0.27      0.07      0.11      1150
          13       0.83      0.04      0.07       569

    accuracy                           0.15     11039
   macro avg       0.53      0.16      0.13     11039
weighted avg       0.45      0.15      0.13     11039

